(1, 1, '2021-05-01', 205222.4, 6.61),
(1, 2, '2021-05-01', 205222.4, 1.84),
(1, 3, '2021-05-01', 205222.4, 9.97),
(1, 1, '2021-05-02', 114918.4, 2.63),
(1, 2, '2021-05-02', 114918.4, 4.65),
(1, 1, '2021-05-03', 198192.6, 3.44),
(1, 2, '2021-05-03', 198192.6, 2.95),
(1, 1, '2021-05-04', 214181.6, 2.6),
(1, 2, '2021-05-04', 214181.6, 3.78),
(1, 1, '2021-05-05', 175312.8, 3.55),
(1, 2, '2021-05-05', 175312.8, 2.17),
(1, 1, '2021-05-06', 185631.0, 7.29),
(1, 2, '2021-05-06', 185631.0, 3.86),
(1, 1, '2021-05-08', 161751.8, 5.69),
(1, 2, '2021-05-08', 161751.8, 9.67),
(1, 1, '2021-05-09', 185859.8, 3.89),
(1, 1, '2021-05-10', 192891.6, 5.28),
(1, 2, '2021-05-10', 192891.6, 6.57),
(1, 1, '2021-05-11', 152439.4, 5.74),
(1, 2, '2021-05-11', 152439.4, 8.96),
(1, 3, '2021-05-11', 152439.4, 7.63),
(1, 1, '2021-05-12', 166434.8, 7.0),
(1, 2, '2021-05-12', 166434.8, 7.55),
(1, 3, '2021-05-12', 166434.8, 3.2),
(1, 1, '2021-05-14', 180929.6, 2.71),
(1, 1, '2021-05-15', 92743.8, 2.45),
(1, 2, '2021-05-15', 92743.8, 8.51),
(1, 3, '2021-05-15', 92743.8, 9.73),
(1, 1, '2021-05-17', 185708.0, 5.16),
(1, 1, '2021-05-18', 120463.4, 4.04),
(1, 2, '2021-05-18', 120463.4, 7.95),
(1, 3, '2021-05-18', 120463.4, 3.59),
(1, 1, '2021-05-20', 178717.0, 5.49),
(1, 2, '2021-05-20', 178717.0, 9.54),
(1, 3, '2021-05-20', 178717.0, 4.89),
(1, 1, '2021-05-22', 201744.2, 8.09),
(1, 1, '2021-05-25', 104588.0, 7.99),
(1, 2, '2021-05-25', 104588.0, 5.13),
(1, 1, '2021-05-26', 222910.8, 3.39),
(1, 1, '2021-05-27', 141482.4, 7.86),
(1, 1, '2021-05-28', 115915.2, 9.82),
(1, 1, '2021-05-29', 234756.2, 2.12),
(1, 2, '2021-05-29', 234756.2, 5.36),
(1, 3, '2021-05-29', 234756.2, 7.38),
(1, 1, '2021-05-30', 93731.6, 8.27),
(1, 2, '2021-05-30', 93731.6, 4.03),
(1, 3, '2021-05-30', 93731.6, 4.2),
(2, 1, '2021-05-02', 182762.8, 3.02),
(2, 1, '2021-05-03', 106068.2, 4.77),
(2, 2, '2021-05-03', 106068.2, 2.98),
(2, 1, '2021-05-04', 232064.8, 9.72),
(2, 1, '2021-05-05', 137224.6, 7.74),
(2, 2, '2021-05-05', 137224.6, 2.06),
(2, 3, '2021-05-05', 137224.6, 5.4),
(2, 1, '2021-05-06', 93661.0, 5.15),
(2, 2, '2021-05-06', 93661.0, 8.09),
(2, 1, '2021-05-07', 171766.8, 4.34),
(2, 1, '2021-05-09', 175826.2, 9.88),
(2, 2, '2021-05-09', 175826.2, 9.21),
(2, 1, '2021-05-10', 114518.6, 4.33),
(2, 1, '2021-05-11', 82504.4, 2.64),
(2, 2, '2021-05-11', 82504.4, 3.57),
(2, 3, '2021-05-11', 82504.4, 6.92),
(2, 1, '2021-05-12', 140562.8, 6.12),
(2, 2, '2021-05-12', 140562.8, 2.6),
(2, 3, '2021-05-12', 140562.8, 9.64),
(2, 1, '2021-05-14', 82783.0, 3.95),
(2, 2, '2021-05-14', 82783.0, 6.94),
(2, 1, '2021-05-15', 152572.4, 8.51),
(2, 2, '2021-05-15', 152572.4, 7.18),
(2, 3, '2021-05-15', 152572.4, 4.44),
(2, 1, '2021-05-16', 206156.4, 3.12),
(2, 2, '2021-05-16', 206156.4, 6.17),
(2, 3, '2021-05-16', 206156.4, 3.65),
(2, 1, '2021-05-17', 214186.4, 7.87),
(2, 1, '2021-05-18', 81825.6, 5.41),
(2, 1, '2021-05-19', 101492.8, 2.34),
(2, 1, '2021-05-20', 239402.4, 3.66),
(2, 1, '2021-05-21', 171791.8, 5.46),
(2, 1, '2021-05-22', 95702.2, 3.92),
(2, 1, '2021-05-23', 211696.8, 9.91),
(2, 2, '2021-05-23', 211696.8, 5.51),
(2, 3, '2021-05-23', 211696.8, 5.44),
(2, 1, '2021-05-24', 236474.0, 6.2),
(2, 2, '2021-05-24', 236474.0, 1.8),
(2, 3, '2021-05-24', 236474.0, 2.81),
(2, 1, '2021-05-25', 101312.2, 9.55),
(2, 1, '2021-05-26', 82316.2, 1.47),
(2, 1, '2021-05-27', 83410.2, 1.79),
(2, 1, '2021-05-28', 99894.0, 4.67),
(2, 1, '2021-05-29', 174800.4, 1.67),
(2, 2, '2021-05-29', 174800.4, 8.54),
(2, 3, '2021-05-29', 174800.4, 6.91),
(2, 1, '2021-05-30', 195919.4, 7.45),
(3, 1, '2021-05-01', 119692.8, 5.4),
(3, 2, '2021-05-01', 119692.8, 3.01),
(3, 3, '2021-05-01', 119692.8, 1.17),
(3, 1, '2021-05-02', 88574.4, 6.14),
(3, 2, '2021-05-02', 88574.4, 7.93),
(3, 1, '2021-05-03', 128875.6, 3.37),
(3, 2, '2021-05-03', 128875.6, 4.97),
(3, 3, '2021-05-03', 128875.6, 6.43),
(3, 1, '2021-05-04', 218519.8, 9.69),
(3, 2, '2021-05-04', 218519.8, 4.25),
(3, 1, '2021-05-06', 188692.8, 2.66),
(3, 2, '2021-05-06', 188692.8, 5.28),
(3, 1, '2021-05-07', 126665.2, 4.26),
(3, 2, '2021-05-07', 126665.2, 1.92),
(3, 3, '2021-05-07', 126665.2, 5.84),
(3, 1, '2021-05-08', 87303.0, 1.59),
(3, 1, '2021-05-11', 136439.4, 2.35),
(3, 2, '2021-05-11', 136439.4, 7.34),
(3, 1, '2021-05-13', 200065.4, 1.2),
(3, 2, '2021-05-13', 200065.4, 4.52),
(3, 3, '2021-05-13', 200065.4, 5.94),
(3, 1, '2021-05-14', 228010.2, 3.88),
(3, 1, '2021-05-15', 158705.4, 5.14),
(3, 2, '2021-05-15', 158705.4, 3.21),
(3, 1, '2021-05-16', 131354.0, 5.97),
(3, 1, '2021-05-18', 174961.2, 8.66),
(3, 2, '2021-05-18', 174961.2, 4.93),
(3, 1, '2021-05-19', 167946.0, 3.18),
(3, 1, '2021-05-20', 158501.4, 1.06),
(3, 2, '2021-05-20', 158501.4, 1.0),
(3, 1, '2021-05-21', 171516.8, 8.71),
(3, 2, '2021-05-21', 171516.8, 1.32),
(3, 3, '2021-05-21', 171516.8, 1.85),
(3, 1, '2021-05-22', 188750.0, 5.03),
(3, 2, '2021-05-22', 188750.0, 3.51),
(3, 1, '2021-05-24', 85496.8, 9.99),
(3, 2, '2021-05-24', 85496.8, 3.38),
(3, 1, '2021-05-25', 159103.6, 2.53),
(3, 2, '2021-05-25', 159103.6, 3.28),
(3, 3, '2021-05-25', 159103.6, 3.36),
(3, 1, '2021-05-26', 162568.4, 9.11),
(3, 2, '2021-05-26', 162568.4, 2.23),
(3, 3, '2021-05-26', 162568.4, 8.71),
(3, 1, '2021-05-28', 104883.0, 8.52),
(3, 2, '2021-05-28', 104883.0, 6.19),
(3, 3, '2021-05-28', 104883.0, 8.43),
(3, 1, '2021-05-29', 143529.4, 3.13),
(3, 2, '2021-05-29', 143529.4, 5.21),
(3, 3, '2021-05-29', 143529.4, 9.32),
(3, 1, '2021-05-30', 200605.0, 6.37),
(4, 1, '2021-05-04', 92048.2, 9.59),
(4, 2, '2021-05-04', 92048.2, 9.37),
(4, 3, '2021-05-04', 92048.2, 9.21),
(4, 1, '2021-05-07', 114815.0, 9.05),
(4, 2, '2021-05-07', 114815.0, 6.02),
(4, 1, '2021-05-08', 133857.6, 1.19),
(4, 2, '2021-05-08', 133857.6, 1.34),
(4, 1, '2021-05-10', 197608.0, 5.07),
(4, 1, '2021-05-12', 189548.2, 4.59),
(4, 2, '2021-05-12', 189548.2, 1.39),
(4, 1, '2021-05-13', 127987.2, 5.72),
(4, 2, '2021-05-13', 127987.2, 4.82),
(4, 1, '2021-05-14', 85048.8, 9.24),
(4, 2, '2021-05-14', 85048.8, 2.73),
(4, 1, '2021-05-16', 193819.0, 2.81),
(4, 2, '2021-05-16', 193819.0, 1.29),
(4, 3, '2021-05-16', 193819.0, 2.76),
(4, 1, '2021-05-17', 149459.0, 5.57),
(4, 1, '2021-05-20', 99167.2, 7.69),
(4, 2, '2021-05-20', 99167.2, 2.08),
(4, 1, '2021-05-21', 233497.0, 1.14),
(4, 1, '2021-05-22', 120574.2, 1.22),
(4, 1, '2021-05-23', 88907.2, 4.72),
(4, 2, '2021-05-23', 88907.2, 7.25),
(4, 1, '2021-05-25', 143856.8, 6.05),
(4, 2, '2021-05-25', 143856.8, 8.49),
(4, 1, '2021-05-26', 186431.8, 6.75),
(4, 2, '2021-05-26', 186431.8, 1.87),
(4, 1, '2021-05-27', 85342.2, 6.16),
(4, 2, '2021-05-27', 85342.2, 2.71),
(4, 1, '2021-05-28', 170868.4, 4.58),
(4, 2, '2021-05-28', 170868.4, 4.38),
(4, 3, '2021-05-28', 170868.4, 7.61),
(4, 1, '2021-05-30', 86957.8, 3.84),
(4, 2, '2021-05-30', 86957.8, 3.67),
(4, 3, '2021-05-30', 86957.8, 5.45),
(5, 1, '2021-05-02', 124035.8, 9.61),
(5, 2, '2021-05-02', 124035.8, 3.02),
(5, 3, '2021-05-02', 124035.8, 8.44),
(5, 1, '2021-05-04', 80373.4, 9.2),
(5, 2, '2021-05-04', 80373.4, 9.71),
(5, 1, '2021-05-07', 93071.6, 2.2),
(5, 1, '2021-05-08', 224998.4, 4.87),
(5, 2, '2021-05-08', 224998.4, 3.2),
(5, 1, '2021-05-10', 93104.6, 5.82),
(5, 2, '2021-05-10', 93104.6, 5.25),
(5, 1, '2021-05-11', 122866.8, 5.75),
(5, 2, '2021-05-11', 122866.8, 4.3),
(5, 3, '2021-05-11', 122866.8, 7.68),
(5, 1, '2021-05-12', 189385.6, 5.96),
(5, 2, '2021-05-12', 189385.6, 4.02),
(5, 3, '2021-05-12', 189385.6, 7.71),
(5, 1, '2021-05-13', 238474.8, 2.39),
(5, 2, '2021-05-13', 238474.8, 7.41),
(5, 1, '2021-05-14', 204415.4, 4.06),
(5, 1, '2021-05-15', 224543.8, 3.86),
(5, 1, '2021-05-16', 206919.0, 9.06),
(5, 2, '2021-05-16', 206919.0, 1.35),
(5, 1, '2021-05-17', 144867.2, 1.11),
(5, 1, '2021-05-18', 218808.8, 6.21),
(5, 1, '2021-05-19', 227878.6, 2.66),
(5, 2, '2021-05-19', 227878.6, 2.97),
(5, 1, '2021-05-20', 182588.2, 7.23),
(5, 2, '2021-05-20', 182588.2, 7.58),
(5, 3, '2021-05-20', 182588.2, 1.63),
(5, 1, '2021-05-21', 146573.8, 7.71),
(5, 2, '2021-05-21', 146573.8, 7.0),
(5, 3, '2021-05-21', 146573.8, 7.71),
(5, 1, '2021-05-22', 210349.8, 3.56),
(5, 2, '2021-05-22', 210349.8, 9.44),
(5, 3, '2021-05-22', 210349.8, 4.36),
(5, 1, '2021-05-23', 237085.6, 3.33),
(5, 2, '2021-05-23', 237085.6, 5.87),
(5, 1, '2021-05-25', 225953.2, 7.59),
(5, 1, '2021-05-27', 202868.2, 3.42),
(5, 2, '2021-05-27', 202868.2, 4.48),
(5, 1, '2021-05-28', 107257.4, 9.03),
(5, 1, '2021-05-29', 186017.6, 4.98),
(5, 2, '2021-05-29', 186017.6, 8.42),
(5, 3, '2021-05-29', 186017.6, 3.64),
(5, 1, '2021-05-30', 192459.4, 3.48),
(5, 2, '2021-05-30', 192459.4, 6.33),
(6, 1, '2021-05-04', 199829.2, 7.0),
(6, 1, '2021-05-06', 198770.0, 5.17),
(6, 2, '2021-05-06', 198770.0, 1.71),
(6, 3, '2021-05-06', 198770.0, 4.13),
(6, 1, '2021-05-07', 129260.0, 4.05),
(6, 2, '2021-05-07', 129260.0, 1.77),
(6, 1, '2021-05-09', 99247.2, 5.87),
(6, 2, '2021-05-09', 99247.2, 6.83),
(6, 1, '2021-05-10', 147730.2, 9.55),
(6, 2, '2021-05-10', 147730.2, 1.19),
(6, 1, '2021-05-11', 104836.4, 9.11),
(6, 2, '2021-05-11', 104836.4, 4.55),
(6, 1, '2021-05-12', 230934.2, 5.17),
(6, 2, '2021-05-12', 230934.2, 9.06),
(6, 1, '2021-05-13', 203998.4, 9.49),
(6, 2, '2021-05-13', 203998.4, 7.78),
(6, 1, '2021-05-14', 122786.6, 6.24),
(6, 2, '2021-05-14', 122786.6, 2.72),
(6, 3, '2021-05-14', 122786.6, 6.49),
(6, 1, '2021-05-16', 120495.6, 7.15),
(6, 2, '2021-05-16', 120495.6, 4.25),
(6, 3, '2021-05-16', 120495.6, 6.38),
(6, 1, '2021-05-20', 118939.2, 7.53),
(6, 1, '2021-05-21', 170950.0, 8.65),
(6, 1, '2021-05-22', 175560.4, 3.4),
(6, 2, '2021-05-22', 175560.4, 9.92),
(6, 1, '2021-05-23', 219729.6, 3.33),
(6, 1, '2021-05-24', 232220.6, 3.33),
(6, 2, '2021-05-24', 232220.6, 8.44),
(6, 1, '2021-05-25', 180708.8, 2.36),
(6, 2, '2021-05-25', 180708.8, 8.63),
(6, 1, '2021-05-26', 100169.4, 8.19),
(6, 2, '2021-05-26', 100169.4, 4.32),
(6, 3, '2021-05-26', 100169.4, 3.34),
(6, 1, '2021-05-27', 120470.8, 5.55),
(6, 2, '2021-05-27', 120470.8, 4.8),
(6, 1, '2021-05-28', 239028.0, 9.59),
(6, 1, '2021-05-30', 141432.8, 9.69),
(6, 2, '2021-05-30', 141432.8, 3.04),
(7, 1, '2021-05-01', 92609.6, 9.79),
(7, 2, '2021-05-01', 92609.6, 1.35),
(7, 3, '2021-05-01', 92609.6, 9.69),
(7, 1, '2021-05-02', 229385.2, 3.08),
(7, 1, '2021-05-04', 191073.0, 7.47),
(7, 2, '2021-05-04', 191073.0, 7.97),
(7, 1, '2021-05-06', 144165.2, 4.3),
(7, 1, '2021-05-09', 157077.6, 7.19),
(7, 2, '2021-05-09', 157077.6, 8.85),
(7, 3, '2021-05-09', 157077.6, 2.59),
(7, 1, '2021-05-10', 171615.6, 9.89),
(7, 2, '2021-05-10', 171615.6, 4.51),
(7, 1, '2021-05-12', 148565.8, 2.34),
(7, 2, '2021-05-12', 148565.8, 4.08),
(7, 1, '2021-05-13', 185352.8, 1.45),
(7, 2, '2021-05-13', 185352.8, 5.22),
(7, 1, '2021-05-14', 176793.0, 1.61),
(7, 2, '2021-05-14', 176793.0, 2.24),
(7, 3, '2021-05-14', 176793.0, 1.42),
(7, 1, '2021-05-15', 103147.8, 8.59),
(7, 2, '2021-05-15', 103147.8, 4.52),
(7, 3, '2021-05-15', 103147.8, 4.86),
(7, 1, '2021-05-16', 228494.6, 1.56),
(7, 2, '2021-05-16', 228494.6, 9.92),
(7, 3, '2021-05-16', 228494.6, 9.28),
(7, 1, '2021-05-17', 96837.4, 9.45),
(7, 2, '2021-05-17', 96837.4, 1.62),
(7, 1, '2021-05-18', 105816.6, 1.65),
(7, 1, '2021-05-19', 205908.8, 4.94),
(7, 2, '2021-05-19', 205908.8, 4.14),
(7, 1, '2021-05-21', 121144.4, 3.15),
(7, 2, '2021-05-21', 121144.4, 8.88),
(7, 3, '2021-05-21', 121144.4, 7.72),
(7, 1, '2021-05-22', 97297.6, 2.83),
(7, 1, '2021-05-23', 125492.0, 8.23),
(7, 2, '2021-05-23', 125492.0, 4.21),
(7, 3, '2021-05-23', 125492.0, 6.65),
(7, 1, '2021-05-24', 152031.4, 4.04),
(7, 2, '2021-05-24', 152031.4, 7.08),
(7, 3, '2021-05-24', 152031.4, 2.63),
(7, 1, '2021-05-25', 230024.8, 8.03),
(7, 2, '2021-05-25', 230024.8, 6.89),
(7, 1, '2021-05-27', 105818.0, 1.98),
(7, 2, '2021-05-27', 105818.0, 7.04),
(7, 1, '2021-05-28', 102166.6, 8.99),
(7, 1, '2021-05-29', 126498.4, 7.15),
(7, 2, '2021-05-29', 126498.4, 2.02),
(7, 1, '2021-05-30', 188533.4, 8.85),
(8, 1, '2021-05-03', 102229.0, 8.73),
(8, 2, '2021-05-03', 102229.0, 3.67),
(8, 3, '2021-05-03', 102229.0, 4.45),
(8, 1, '2021-05-05', 234214.4, 4.9),
(8, 2, '2021-05-05', 234214.4, 2.69),
(8, 3, '2021-05-05', 234214.4, 1.16),
(8, 1, '2021-05-06', 174614.2, 7.18),
(8, 2, '2021-05-06', 174614.2, 9.2),
(8, 3, '2021-05-06', 174614.2, 3.95),
(8, 1, '2021-05-07', 170473.0, 5.42),
(8, 1, '2021-05-08', 101634.2, 5.94),
(8, 1, '2021-05-09', 185133.6, 4.29),
(8, 2, '2021-05-09', 185133.6, 5.18),
(8, 3, '2021-05-09', 185133.6, 1.58),
(8, 1, '2021-05-10', 107440.4, 3.2),
(8, 2, '2021-05-10', 107440.4, 2.76),
(8, 1, '2021-05-11', 188440.8, 7.52),
(8, 2, '2021-05-11', 188440.8, 4.89),
(8, 1, '2021-05-12', 86982.6, 7.21),
(8, 1, '2021-05-13', 213497.6, 3.2),
(8, 2, '2021-05-13', 213497.6, 3.71),
(8, 3, '2021-05-13', 213497.6, 2.36),
(8, 1, '2021-05-14', 156983.0, 4.0),
(8, 1, '2021-05-18', 85908.6, 3.64),
(8, 1, '2021-05-19', 195856.0, 5.38),
(8, 2, '2021-05-19', 195856.0, 7.72),
(8, 3, '2021-05-19', 195856.0, 7.92),
(8, 1, '2021-05-21', 112056.6, 8.98),
(8, 1, '2021-05-22', 173067.4, 8.68),
(8, 2, '2021-05-22', 173067.4, 4.7),
(8, 1, '2021-05-23', 220588.2, 4.88),
(8, 2, '2021-05-23', 220588.2, 4.74),
(8, 3, '2021-05-23', 220588.2, 9.13),
(8, 1, '2021-05-27', 91638.6, 2.62),
(8, 2, '2021-05-27', 91638.6, 3.93),
(8, 3, '2021-05-27', 91638.6, 5.27),
(8, 1, '2021-05-28', 86073.2, 1.02),
(8, 2, '2021-05-28', 86073.2, 9.17),
(9, 1, '2021-05-01', 107166.8, 6.38),
(9, 2, '2021-05-01', 107166.8, 3.99),
(9, 3, '2021-05-01', 107166.8, 6.89),
(9, 1, '2021-05-02', 114659.6, 4.21),
(9, 1, '2021-05-03', 147432.0, 8.01),
(9, 1, '2021-05-04', 86006.4, 3.17),
(9, 2, '2021-05-04', 86006.4, 7.37),
(9, 1, '2021-05-05', 160497.6, 9.24),
(9, 2, '2021-05-05', 160497.6, 3.66),
(9, 3, '2021-05-05', 160497.6, 7.86),
(9, 1, '2021-05-06', 215517.6, 2.9),
(9, 2, '2021-05-06', 215517.6, 8.69),
(9, 1, '2021-05-07', 237994.8, 9.77),
(9, 2, '2021-05-07', 237994.8, 3.45),
(9, 3, '2021-05-07', 237994.8, 2.58),
(9, 1, '2021-05-08', 145973.8, 9.28),
(9, 2, '2021-05-08', 145973.8, 7.48),
(9, 1, '2021-05-09', 206849.6, 1.46),
(9, 1, '2021-05-10', 226194.6, 5.08),
(9, 1, '2021-05-11', 140753.6, 2.46),
(9, 2, '2021-05-11', 140753.6, 7.82),
(9, 3, '2021-05-11', 140753.6, 9.46),
(9, 1, '2021-05-12', 80441.0, 3.29),
(9, 2, '2021-05-12', 80441.0, 6.4),
(9, 3, '2021-05-12', 80441.0, 3.38),
(9, 1, '2021-05-13', 228932.6, 2.72),
(9, 2, '2021-05-13', 228932.6, 2.51),
(9, 3, '2021-05-13', 228932.6, 3.93),
(9, 1, '2021-05-14', 95246.8, 1.63),
(9, 1, '2021-05-16', 162362.0, 1.13),
(9, 2, '2021-05-16', 162362.0, 5.83),
(9, 3, '2021-05-16', 162362.0, 4.87),
(9, 1, '2021-05-17', 199845.8, 5.04),
(9, 2, '2021-05-17', 199845.8, 3.04),
(9, 3, '2021-05-17', 199845.8, 1.34),
(9, 1, '2021-05-18', 84763.0, 6.23),
(9, 1, '2021-05-20', 110316.8, 5.07),
(9, 1, '2021-05-21', 178015.6, 8.62),
(9, 2, '2021-05-21', 178015.6, 9.77),
(9, 3, '2021-05-21', 178015.6, 7.94),
(9, 1, '2021-05-22', 231529.2, 7.12),
(9, 2, '2021-05-22', 231529.2, 4.36),
(9, 1, '2021-05-24', 112212.6, 4.84),
(9, 1, '2021-05-26', 149608.8, 7.61),
(9, 2, '2021-05-26', 149608.8, 7.7),
(9, 1, '2021-05-27', 113855.4, 4.67),
(9, 1, '2021-05-28', 91135.8, 3.6),
(9, 2, '2021-05-28', 91135.8, 1.63),
(9, 3, '2021-05-28', 91135.8, 2.89),
(9, 1, '2021-05-29', 144998.4, 4.87),
(9, 2, '2021-05-29', 144998.4, 9.16),
(9, 3, '2021-05-29', 144998.4, 1.71),
(9, 1, '2021-05-30', 124144.0, 4.8),
(9, 2, '2021-05-30', 124144.0, 1.84),
